-0.00322088  0.90583991 -1.60952493 -0.06638391  0.23080338 -1.82980655
 -0.02487283  0.88039479 -1.36299483 -0.04190211  0.44606521 -1.33499346
-0.00315945  0.90695293 -1.60811639 -0.06725346  0.22824525 -1.8280216
 -0.02421738  0.88272746 -1.36430283 -0.04244587  0.44665826 -1.33123762
-0.00309803  0.90806595 -1.60670786 -0.06812301  0.22568711 -1.82623665
 -0.02356192  0.88506013 -1.36561084 -0.04298962  0.44725131 -1.32748178
-0.00303661  0.90917898 -1.60529933 -0.06899256  0.22312897 -1.8244517
 -0.02290647  0.8873928  -1.36691884 -0.04353338  0.44784436 -1.32372595
-0.00297518  0.910292   -1.60389079 -0.06986211  0.22057084 -1.82266675
 -0.02225101  0.88972547 -1.36822685 -0.04407713  0.44843741 -1.31997011
-0.00291376  0.91140502 -1.60248226 -0.07073165  0.2180127  -1.8208818
 -0.02159556  0.89205814 -1.36953485 -0.04462089  0.44903045 -1.31621427
-0.00285233  0.91251804 -1.60107372 -0.0716012   0.21545456 -1.81909684
 -0.02094011  0.89439081 -1.37084286 -0.04516464  0.4496235  -1.31245843
-0.00279091  0.91363107 -1.59966519 -0.07247075  0.21289643 -1.81731189
 -0.02028465  0.89672347 -1.37215086 -0.0457084   0.45021655 -1.3087026 
-0.00272949  0.91474409 -1.59825666 -0.0733403   0.21033829 -1.81552694
 -0.0196292   0.89905614 -1.37345887 -0.04625215  0.4508096  -1.30494676
-0.00266806  0.91585711 -1.59684812 -0.07420985  0.20778015 -1.81374199
 -0.01897375  0.90138881 -1.37476687 -0.04679591  0.45140264 -1.30119092
-0.00260664  0.91697013 -1.59543959 -0.0750794   0.20522202 -1.81195704
 -0.01831829  0.90372148 -1.37607487 -0.04733966  0.45199569 -1.29743508
-0.00254521  0.91808316 -1.59403105 -0.07594894  0.20266388 -1.81017209
 -0.01766284  0.90605415 -1.37738288 -0.04788342  0.45258874 -1.29367925
-0.00248379  0.91919618 -1.59262252 -0.07681849  0.20010574 -1.80838714
 -0.01700738  0.90838682 -1.37869088 -0.04842717  0.45318179 -1.28992341
-0.00242237  0.9203092  -1.59121399 -0.07768804  0.19754761 -1.80660219
 -0.01635193  0.91071948 -1.37999889 -0.04897093  0.45377484 -1.28616757
-0.00236094  0.92142222 -1.58980545 -0.07855759  0.19498947 -1.80481724
 -0.01569648  0.91305215 -1.38130689 -0.04951468  0.45436788 -1.28241173
-0.00229952  0.92253525 -1.58839692 -0.07942714  0.19243133 -1.80303229
 -0.01504102  0.91538482 -1.3826149  -0.05005844  0.45496093 -1.2786559 
-0.00223809  0.92364827 -1.58698839 -0.08029668  0.1898732  -1.80124734
 -0.01438557  0.91771749 -1.3839229  -0.05060219  0.45555398 -1.27490006
-0.00217667  0.92476129 -1.58557985 -0.08116623  0.18731506 -1.79946239
 -0.01373011  0.92005016 -1.3852309  -0.05114595  0.45614703 -1.27114422
-0.00211525  0.92587431 -1.58417132 -0.08203578  0.18475692 -1.79767743
 -0.01307466  0.92238283 -1.38653891 -0.0516897   0.45674008 -1.26738838
-0.00205382  0.92698734 -1.58276278 -0.08290533  0.18219879 -1.79589248
 -0.01241921  0.9247155  -1.38784691 -0.05223346  0.45733312 -1.26363255
 0.00230033  0.92753174 -1.57751876 -0.0891947   0.18567179 -1.78736957
 -0.00466485  0.9368807  -1.39906583 -0.05153083  0.4604991  -1.25196715
 0.00302602  0.92762247 -1.57664476 -0.09024293  0.18625063 -1.78594908
 -0.00337246  0.93890824 -1.40093565 -0.05141372  0.46102676 -1.25002292
 0.00375171  0.92771321 -1.57577076 -0.09129116  0.18682946 -1.7845286
 -0.00208006  0.94093577 -1.40280547 -0.05129662  0.46155442 -1.24807868
 0.00592879  0.92798541 -1.57314875 -0.09443584  0.18856597 -1.78026714
  0.00179712  0.94701838 -1.40841492 -0.05094531  0.46313741 -1.24224599
 0.00665448  0.92807614 -1.57227474 -0.09548407  0.1891448  -1.77884665
  0.00308951  0.94904591 -1.41028474 -0.0508282   0.46366507 -1.24030175
 0.00738018  0.92816688 -1.57140074 -0.0965323   0.18972364 -1.77742617
  0.0043819   0.95107345 -1.41215456 -0.0507111   0.46419273 -1.23835752
 0.00810587  0.92825761 -1.57052674 -0.09758053  0.19030247 -1.77600568
  0.00567429  0.95310098 -1.41402438 -0.05059399  0.46472039 -1.23641329
 0.00883156  0.92834834 -1.56965273 -0.09862876  0.19088131 -1.77458519
  0.00696669  0.95512852 -1.4158942  -0.05047689  0.46524805 -1.23446905
 0.00955725  0.92843908 -1.56877873 -0.09967699  0.19146014 -1.77316471
  0.00825908  0.95715605 -1.41776402 -0.05035978  0.46577572 -1.23252482
 0.01028294  0.92852981 -1.56790473 -0.10072522  0.19203897 -1.77174422
  0.00955147  0.95918359 -1.41963384 -0.05024268  0.46630338 -1.23058059
 0.01100864  0.92862055 -1.56703072 -0.10177345  0.19261781 -1.77032374
  0.01084387  0.96121112 -1.42150366 -0.05012557  0.46683104 -1.22863636
 0.01173433  0.92871128 -1.56615672 -0.10282167  0.19319664 -1.76890325
  0.01213626  0.96323866 -1.42337348 -0.05000847  0.4673587  -1.22669212
 0.01246002  0.92880201 -1.56528272 -0.1038699   0.19377548 -1.76748276
  0.01342865  0.96526619 -1.4252433  -0.04989136  0.46788636 -1.22474789
 0.01318571  0.92889275 -1.56440871 -0.10491813  0.19435431 -1.76606228
  0.01472104  0.96729373 -1.42711312 -0.04977426  0.46841403 -1.22280366
 0.0139114   0.92898348 -1.56353471 -0.10596636  0.19493315 -1.76464179
  0.01601344  0.96932126 -1.42898294 -0.04965715  0.46894169 -1.22085942
 0.0146371   0.92907422 -1.56266071 -0.10701459  0.19551198 -1.76322131
  0.01730583  0.97134879 -1.43085276 -0.04954005  0.46946935 -1.21891519
 0.01536279  0.92916495 -1.5617867  -0.10806282  0.19609082 -1.76180082
  0.01859822  0.97337633 -1.43272257 -0.04942294  0.46999701 -1.21697096
 0.01608848  0.92925568 -1.5609127  -0.10911105  0.19666965 -1.76038033
  0.01989062  0.97540386 -1.43459239 -0.04930584  0.47052467 -1.21502673
 0.01681417  0.92934642 -1.5600387  -0.11015928  0.19724849 -1.75895985
  0.02118301  0.9774314  -1.43646221 -0.04918873  0.47105234 -1.21308249
 0.01753986  0.92943715 -1.55916469 -0.1112075   0.19782732 -1.75753936
  0.0224754   0.97945893 -1.43833203 -0.04907163  0.47158    -1.21113826
 0.01826556  0.92952788 -1.55829069 -0.11225573  0.19840615 -1.75611888
  0.02376779  0.98148647 -1.44020185 -0.04895452  0.47210766 -1.20919403
 0.01899125  0.92961862 -1.55741669 -0.11330396  0.19898499 -1.75469839
  0.02506019  0.983514   -1.44207167 -0.04883742  0.47263532 -1.20724979
 0.01971694  0.92970935 -1.55654268 -0.11435219  0.19956382 -1.7532779
  0.02635258  0.98554154 -1.44394149 -0.04872031  0.47316298 -1.20530556
 0.02044263  0.92980009 -1.55566868 -0.11540042  0.20014266 -1.75185742
  0.02764497  0.98756907 -1.44581131 -0.04860321  0.47369065 -1.20336133
 0.02116832  0.92989082 -1.55479468 -0.11644865  0.20072149 -1.75043693
  0.02893737  0.98959661 -1.44768113 -0.0484861   0.47421831 -1.2014171 
 0.02189402  0.92998155 -1.55392067 -0.11749688  0.20130033 -1.74901645
  0.03022976  0.99162414 -1.44955095 -0.048369    0.47474597 -1.19947286
 0.02264622  0.92979399 -1.55434229 -0.11761911  0.20376567 -1.74787593
  0.03108401  0.99257071 -1.45266766 -0.04811678  0.4749399  -1.19929631
 0.02339843  0.92960643 -1.55476391 -0.11774134  0.20623102 -1.74673541
  0.03193827  0.99351728 -1.45578437 -0.04786456  0.47513383 -1.19911977
 0.02415063  0.92941887 -1.55518552 -0.11786358  0.20869636 -1.74559489
  0.03279253  0.99446385 -1.45890109 -0.04761234  0.47532776 -1.19894322
 0.02490284  0.92923131 -1.55560714 -0.11798581  0.21116171 -1.74445437
  0.03364679  0.99541042 -1.4620178  -0.04736012  0.47552169 -1.19876667
 0.02565505  0.92904375 -1.55602876 -0.11810804  0.21362705 -1.74331385
  0.03450104  0.99635699 -1.46513451 -0.0471079   0.47571562 -1.19859012
 0.02640725  0.92885618 -1.55645037 -0.11823027  0.2160924  -1.74217333
  0.0353553   0.99730356 -1.46825123 -0.04685568  0.47590955 -1.19841357
 0.02715946  0.92866862 -1.55687199 -0.11835251  0.21855775 -1.74103281
  0.03620956  0.99825013 -1.47136794 -0.04660346  0.47610348 -1.19823702
 0.02791166  0.92848106 -1.55729361 -0.11847474  0.22102309 -1.73989229
  0.03706381  0.9991967  -1.47448465 -0.04635124  0.47629741 -1.19806047
 0.02866387  0.9282935  -1.55771522 -0.11859697  0.22348844 -1.73875178
  0.03791807  1.00014327 -1.47760136 -0.04609902  0.47649134 -1.19788392
 0.02941607  0.92810594 -1.55813684 -0.1187192   0.22595378 -1.73761126
  0.03877233  1.00108984 -1.48071808 -0.0458468   0.47668527 -1.19770737
 0.03016828  0.92791837 -1.55855846 -0.11884144  0.22841913 -1.73647074
  0.03962658  1.00203641 -1.48383479 -0.04559458  0.4768792  -1.19753083
 0.03092049  0.92773081 -1.55898007 -0.11896367  0.23088447 -1.73533022
  0.04048084  1.00298298 -1.4869515  -0.04534235  0.47707313 -1.19735428
 0.03167269  0.92754325 -1.55940169 -0.1190859   0.23334982 -1.7341897
  0.0413351   1.00392955 -1.49006822 -0.04509013  0.47726706 -1.19717773
 0.0324249   0.92735569 -1.55982331 -0.11920813  0.23581516 -1.73304918
  0.04218936  1.00487612 -1.49318493 -0.04483791  0.47746099 -1.19700118
 0.0331771   0.92716813 -1.56024492 -0.11933037  0.23828051 -1.73190866
  0.04304361  1.00582269 -1.49630164 -0.04458569  0.47765492 -1.19682463
 0.03392931  0.92698057 -1.56066654 -0.1194526   0.24074586 -1.73076814
  0.04389787  1.00676926 -1.49941836 -0.04433347  0.47784885 -1.19664808
 0.03468151  0.926793   -1.56108816 -0.11957483  0.2432112  -1.72962762
  0.04475213  1.00771583 -1.50253507 -0.04408125  0.47804278 -1.19647153
 0.03543372  0.92660544 -1.56150977 -0.11969706  0.24567655 -1.72848711
  0.04560638  1.0086624  -1.50565178 -0.04382903  0.47823671 -1.19629498
 0.03618593  0.92641788 -1.56193139 -0.1198193   0.24814189 -1.72734659
  0.04646064  1.00960897 -1.50876849 -0.04357681  0.47843065 -1.19611843
 0.03693813  0.92623032 -1.56235301 -0.11994153  0.25060724 -1.72620607
  0.0473149   1.01055554 -1.51188521 -0.04332459  0.47862458 -1.19594189
 0.03769034  0.92604276 -1.56277462 -0.12006376  0.25307258 -1.72506555
  0.04816915  1.01150211 -1.51500192 -0.04307237  0.47881851 -1.19576534
 0.03844254  0.9258552  -1.56319624 -0.120186    0.25553793 -1.72392503
  0.04902341  1.01244868 -1.51811863 -0.04282015  0.47901244 -1.19558879
 0.03919475  0.92566763 -1.56361786 -0.12030823  0.25800327 -1.72278451
  0.04987767  1.01339525 -1.52123535 -0.04256793  0.47920637 -1.19541224
 0.03994695  0.92548007 -1.56403947 -0.12043046  0.26046862 -1.72164399
  0.05073192  1.01434182 -1.52435206 -0.04231571  0.4794003  -1.19523569
 0.04069916  0.92529251 -1.56446109 -0.12055269  0.26293397 -1.72050347
  0.05158618  1.01528839 -1.52746877 -0.04206349  0.47959423 -1.19505914
 0.04145137  0.92510495 -1.56488271 -0.12067493  0.26539931 -1.71936296
  0.05244044  1.01623496 -1.53058548 -0.04181127  0.47978816 -1.19488259
 0.04220357  0.92491739 -1.56530432 -0.12079716  0.26786466 -1.71822244
  0.0532947   1.01718153 -1.5337022  -0.04155905  0.47998209 -1.19470604
 0.04295578  0.92472983 -1.56572594 -0.12091939  0.27033    -1.71708192
  0.05414895  1.0181281  -1.53681891 -0.04130683  0.48017602 -1.19452949
 0.04370798  0.92454226 -1.56614756 -0.12104162  0.27279535 -1.7159414
  0.05500321  1.01907467 -1.53993562 -0.04105461  0.48036995 -1.19435295
 0.04446019  0.9243547  -1.56656917 -0.12116386  0.27526069 -1.71480088
  0.05585747  1.02002124 -1.54305234 -0.04080239  0.48056388 -1.1941764 
 0.0452124   0.92416714 -1.56699079 -0.12128609  0.27772604 -1.71366036
  0.05671172  1.02096781 -1.54616905 -0.04055017  0.48075781 -1.19399985
 0.0459646   0.92397958 -1.56741241 -0.12140832  0.28019138 -1.71251984
  0.05756598  1.02191438 -1.54928576 -0.04029795  0.48095174 -1.1938233 
 0.04671681  0.92379202 -1.56783402 -0.12153055  0.28265673 -1.71137932
  0.05842024  1.02286095 -1.55240248 -0.04004573  0.48114567 -1.19364675
 0.04715253  0.9235283  -1.56903594 -0.12130146  0.28648986 -1.71019136
  0.05827512  1.02191482 -1.55588624 -0.03923214  0.48223149 -1.19466572
 0.04758826  0.92326458 -1.57023785 -0.12107236  0.29032298 -1.70900339
  0.05813001  1.02096868 -1.55937    -0.03841856  0.48331731 -1.19568468
 0.04802398  0.92300086 -1.57143976 -0.12084327  0.29415611 -1.70781542
  0.0579849   1.02002254 -1.56285377 -0.03760497  0.48440314 -1.19670365
 0.04845971  0.92273714 -1.57264167 -0.12061418  0.29798923 -1.70662746
  0.05783979  1.01907641 -1.56633753 -0.03679139  0.48548896 -1.19772261
 0.04889544  0.92247342 -1.57384359 -0.12038508  0.30182236 -1.70543949
  0.05769467  1.01813027 -1.5698213  -0.0359778   0.48657478 -1.19874158
 0.04933116  0.9222097  -1.5750455  -0.12015599  0.30565548 -1.70425152
  0.05754956  1.01718413 -1.57330506 -0.03516422  0.4876606  -1.19976054
 0.04976689  0.92194599 -1.57624741 -0.11992689  0.30948861 -1.70306356
  0.05740445  1.01623799 -1.57678883 -0.03435063  0.48874643 -1.20077951
 0.05020261  0.92168227 -1.57744932 -0.1196978   0.31332173 -1.70187559
  0.05725934  1.01529186 -1.58027259 -0.03353705  0.48983225 -1.20179847
 0.05063834  0.92141855 -1.57865124 -0.1194687   0.31715486 -1.70068763
  0.05711422  1.01434572 -1.58375636 -0.03272346  0.49091807 -1.20281744
 0.05107407  0.92115483 -1.57985315 -0.11923961  0.32098798 -1.69949966
  0.05696911  1.01339958 -1.58724012 -0.03190988  0.49200389 -1.2038364 
 0.05150979  0.92089111 -1.58105506 -0.11901051  0.32482111 -1.69831169
  0.056824    1.01245344 -1.59072388 -0.03109629  0.49308971 -1.20485537
 0.05194552  0.92062739 -1.58225697 -0.11878142  0.32865423 -1.69712373
  0.05667889  1.01150731 -1.59420765 -0.03028271  0.49417554 -1.20587433
 0.05238124  0.92036367 -1.58345889 -0.11855232  0.33248736 -1.69593576
  0.05653377  1.01056117 -1.59769141 -0.02946913  0.49526136 -1.2068933 
 0.05281697  0.92009996 -1.5846608  -0.11832323  0.33632048 -1.69474779
  0.05638866  1.00961503 -1.60117518 -0.02865554  0.49634718 -1.20791226
 0.0532527   0.91983624 -1.58586271 -0.11809413  0.34015361 -1.69355983
  0.05624355  1.0086689  -1.60465894 -0.02784196  0.497433   -1.20893123
 0.05368842  0.91957252 -1.58706463 -0.11786504  0.34398673 -1.69237186
  0.05609844  1.00772276 -1.60814271 -0.02702837  0.49851883 -1.20995019
 0.05412415  0.9193088  -1.58826654 -0.11763594  0.34781986 -1.69118389
  0.05595332  1.00677662 -1.61162647 -0.02621479  0.49960465 -1.21096916
 0.05455987  0.91904508 -1.58946845 -0.11740685  0.35165298 -1.68999593
  0.05580821  1.00583048 -1.61511024 -0.0254012   0.50069047 -1.21198812
 0.0549956   0.91878136 -1.59067036 -0.11717775  0.35548611 -1.68880796
  0.0556631   1.00488435 -1.618594   -0.02458762  0.50177629 -1.21300709
 0.05543133  0.91851764 -1.59187228 -0.11694866  0.35931923 -1.68761999
  0.05551799  1.00393821 -1.62207777 -0.02377403  0.50286211 -1.21402606
 0.05586705  0.91825393 -1.59307419 -0.11671957  0.36315236 -1.68643203
  0.05537287  1.00299207 -1.62556153 -0.02296045  0.50394794 -1.21504502
 0.05630278  0.91799021 -1.5942761  -0.11649047  0.36698548 -1.68524406
  0.05522776  1.00204594 -1.62904529 -0.02214686  0.50503376 -1.21606399
 0.0567385   0.91772649 -1.59547801 -0.11626138  0.37081861 -1.6840561
  0.05508265  1.0010998  -1.63252906 -0.02133328  0.50611958 -1.21708295
 0.05717423  0.91746277 -1.59667993 -0.11603228  0.37465173 -1.68286813
  0.05493754  1.00015366 -1.63601282 -0.0205197   0.5072054  -1.21810192
 0.05760996  0.91719905 -1.59788184 -0.11580319  0.37848486 -1.68168016
  0.05479242  0.99920752 -1.63949659 -0.01970611  0.50829123 -1.21912088
 0.05804568  0.91693533 -1.59908375 -0.11557409  0.38231798 -1.6804922
  0.05464731  0.99826139 -1.64298035 -0.01889253  0.50937705 -1.22013985
 0.05848141  0.91667161 -1.60028566 -0.115345    0.38615111 -1.67930423
  0.0545022   0.99731525 -1.64646412 -0.01807894  0.51046287 -1.22115881
 0.05891713  0.91640789 -1.60148758 -0.1151159   0.38998423 -1.67811626
  0.05435708  0.99636911 -1.64994788 -0.01726536  0.51154869 -1.22217778
 0.05935286  0.91614418 -1.60268949 -0.11488681  0.39381736 -1.6769283
  0.05421197  0.99542298 -1.65343165 -0.01645177  0.51263451 -1.22319674
 0.05978859  0.91588046 -1.6038914  -0.11465771  0.39765048 -1.67574033
  0.05406686  0.99447684 -1.65691541 -0.01563819  0.51372034 -1.22421571
 0.06022431  0.91561674 -1.60509331 -0.11442862  0.40148361 -1.67455236
  0.05392175  0.9935307  -1.66039917 -0.0148246   0.51480616 -1.22523467
 0.06066004  0.91535302 -1.60629523 -0.11419952  0.40531673 -1.6733644
  0.05377663  0.99258456 -1.66388294 -0.01401102  0.51589198 -1.22625364
 0.06109576  0.9150893  -1.60749714 -0.11397043  0.40914986 -1.67217643
  0.05363152  0.99163843 -1.6673667  -0.01319743  0.5169778  -1.2272726 
 0.061019    0.91363411 -1.60939809 -0.11334686  0.41394687 -1.67158586
  0.0531525   0.98840981 -1.66935793 -0.01173171  0.51900508 -1.22932981
 0.06094224  0.91217893 -1.61129903 -0.1127233   0.41874389 -1.67099529
  0.05267348  0.98518119 -1.67134916 -0.01026599  0.52103235 -1.23138701
 0.06086548  0.91072374 -1.61319998 -0.11209973  0.42354091 -1.67040471
  0.05219446  0.98195258 -1.67334039 -0.00880027  0.52305962 -1.23344422
 0.06078872  0.90926856 -1.61510092 -0.11147617  0.42833793 -1.66981414
  0.05171543  0.97872396 -1.67533162 -0.00733454  0.52508689 -1.23550142
 0.06071196  0.90781337 -1.61700187 -0.1108526   0.43313494 -1.66922357
  0.05123641  0.97549534 -1.67732285 -0.00586882  0.52711417 -1.23755863
 0.0606352   0.90635818 -1.61890281 -0.11022904  0.43793196 -1.668633
  0.05075739  0.97226672 -1.67931408 -0.0044031   0.52914144 -1.23961583
 0.06055844  0.904903   -1.62080376 -0.10960547  0.44272898 -1.66804243
  0.05027837  0.96903811 -1.68130531 -0.00293737  0.53116871 -1.24167304
 0.0602514   0.89908225 -1.62840754 -0.10711121  0.46191705 -1.66568014
  0.04836228  0.95612364 -1.68927023  0.00292552  0.5392778  -1.24990186
 0.06017464  0.89762707 -1.63030849 -0.10648765  0.46671407 -1.66508956
  0.04788326  0.95289502 -1.69126146  0.00439124  0.54130507 -1.25195906
 0.06009788  0.89617188 -1.63220943 -0.10586408  0.47151109 -1.66449899
  0.04740424  0.9496664  -1.69325269  0.00585696  0.54333235 -1.25401626
 0.06002112  0.8947167  -1.63411038 -0.10524052  0.47630811 -1.66390842
  0.04692522  0.94643779 -1.69524392  0.00732268  0.54535962 -1.25607347
 0.05994436  0.89326151 -1.63601132 -0.10461695  0.48110512 -1.66331785
  0.04644619  0.94320917 -1.69723515  0.00878841  0.54738689 -1.25813067
 0.0598676   0.89180632 -1.63791227 -0.10399339  0.48590214 -1.66272727
  0.04596717  0.93998055 -1.69922638  0.01025413  0.54941416 -1.26018788
 0.05979084  0.89035114 -1.63981321 -0.10336982  0.49069916 -1.6621367
  0.04548815  0.93675194 -1.70121761  0.01171985  0.55144144 -1.26224508
 0.05971408  0.88889595 -1.64171416 -0.10274626  0.49549618 -1.66154613
  0.04500913  0.93352332 -1.70320883  0.01318558  0.55346871 -1.26430229
 0.05963732  0.88744077 -1.6436151  -0.10212269  0.50029319 -1.66095556
  0.04453011  0.9302947  -1.70520006  0.0146513   0.55549598 -1.26635949
 0.05956056  0.88598558 -1.64551605 -0.10149913  0.50509021 -1.66036499
  0.04405109  0.92706608 -1.70719129  0.01611702  0.55752325 -1.2684167 
 0.0594838   0.88453039 -1.647417   -0.10087556  0.50988723 -1.65977441
  0.04357206  0.92383747 -1.70918252  0.01758274  0.55955053 -1.2704739 
 0.05940704  0.88307521 -1.64931794 -0.100252    0.51468425 -1.65918384
  0.04309304  0.92060885 -1.71117375  0.01904847  0.5615778  -1.27253111
 0.05933028  0.88162002 -1.65121889 -0.09962843  0.51948127 -1.65859327
  0.04261402  0.91738023 -1.71316498  0.02051419  0.56360507 -1.27458831
 0.05925352  0.88016484 -1.65311983 -0.09900487  0.52427828 -1.6580027
  0.042135    0.91415162 -1.71515621  0.02197991  0.56563234 -1.27664552
 0.05917676  0.87870965 -1.65502078 -0.0983813   0.5290753  -1.65741212
  0.04165598  0.910923   -1.71714744  0.02344563  0.56765962 -1.27870272
 0.0591      0.87725446 -1.65692172 -0.09775774  0.53387232 -1.65682155
  0.04117695  0.90769438 -1.71913867  0.02491136  0.56968689 -1.28075993
 0.05902324  0.87579928 -1.65882267 -0.09713417  0.53866934 -1.65623098
  0.04069793  0.90446576 -1.7211299   0.02637708  0.57171416 -1.28281713
 0.05894648  0.87434409 -1.66072361 -0.09651061  0.54346636 -1.65564041
  0.04021891  0.90123715 -1.72312113  0.0278428   0.57374143 -1.28487433
 0.05886972  0.87288891 -1.66262456 -0.09588704  0.54826337 -1.65504984
  0.03973989  0.89800853 -1.72511236  0.02930853  0.57576871 -1.28693154
 0.05879296  0.87143372 -1.66452551 -0.09526348  0.55306039 -1.65445926
  0.03926087  0.89477991 -1.72710359  0.03077425  0.57779598 -1.28898874
 0.05871619  0.86997853 -1.66642645 -0.09463991  0.55785741 -1.65386869
  0.03878185  0.8915513  -1.72909482  0.03223997  0.57982325 -1.29104595
 0.05863943  0.86852335 -1.6683274  -0.09401635  0.56265443 -1.65327812
  0.03830282  0.88832268 -1.73108605  0.03370569  0.58185052 -1.29310315
 0.05856267  0.86706816 -1.67022834 -0.09339278  0.56745144 -1.65268755
  0.0378238   0.88509406 -1.73307728  0.03517142  0.5838778  -1.29516036
 0.05764826  0.86316332 -1.67306149 -0.09217672  0.57164221 -1.65280933
  0.03739047  0.87969003 -1.7326501   0.03675803  0.58607841 -1.29722298
 0.05673385  0.85925848 -1.67589463 -0.09096065  0.57583297 -1.65293112
  0.03695713  0.874286   -1.73222292  0.03834463  0.58827903 -1.29928561
 0.05581944  0.85535365 -1.67872778 -0.08974459  0.58002374 -1.65305291
  0.0365238   0.86888197 -1.73179575  0.03993124  0.59047965 -1.30134823
 0.05490503  0.85144881 -1.68156093 -0.08852852  0.5842145  -1.6531747
  0.03609047  0.86347793 -1.73136857  0.04151785  0.59268026 -1.30341086
 0.05399061  0.84754397 -1.68439407 -0.08731245  0.58840527 -1.65329648
  0.03565713  0.8580739  -1.73094139  0.04310446  0.59488088 -1.30547348
 0.0530762   0.84363913 -1.68722722 -0.08609639  0.59259603 -1.65341827
  0.0352238   0.85266987 -1.73051421  0.04469107  0.59708149 -1.30753611
 0.05216179  0.83973429 -1.69006037 -0.08488032  0.5967868  -1.65354006
  0.03479047  0.84726584 -1.73008704  0.04627768  0.59928211 -1.30959874
 0.05124738  0.83582946 -1.69289351 -0.08366426  0.60097756 -1.65366185
  0.03435713  0.84186181 -1.72965986  0.04786429  0.60148272 -1.31166136
 0.05033297  0.83192462 -1.69572666 -0.08244819  0.60516833 -1.65378363
  0.0339238   0.83645778 -1.72923268  0.0494509   0.60368334 -1.31372399
 0.04941855  0.82801978 -1.6985598  -0.08123212  0.60935909 -1.65390542
  0.03349046  0.83105374 -1.72880551  0.0510375   0.60588396 -1.31578661
 0.04850414  0.82411494 -1.70139295 -0.08001606  0.61354986 -1.65402721
  0.03305713  0.82564971 -1.72837833  0.05262411  0.60808457 -1.31784924
 0.04758973  0.8202101  -1.7042261  -0.07879999  0.61774062 -1.654149
  0.0326238   0.82024568 -1.72795115  0.05421072  0.61028519 -1.31991186
 0.04667532  0.81630526 -1.70705924 -0.07758392  0.62193139 -1.65427078
  0.03219046  0.81484165 -1.72752397  0.05579733  0.6124858  -1.32197449
 0.04576091  0.81240043 -1.70989239 -0.07636786  0.62612215 -1.65439257
  0.03175713  0.80943762 -1.7270968   0.05738394  0.61468642 -1.32403711
 0.04484649  0.80849559 -1.71272554 -0.07515179  0.63031292 -1.65451436
  0.0313238   0.80403359 -1.72666962  0.05897055  0.61688704 -1.32609974
 0.04393208  0.80459075 -1.71555868 -0.07393573  0.63450368 -1.65463615
  0.03089046  0.79862955 -1.72624244  0.06055716  0.61908765 -1.32816236
 0.04301767  0.80068591 -1.71839183 -0.07271966  0.63869445 -1.65475793
  0.03045713  0.79322552 -1.72581526  0.06214377  0.62128827 -1.33022499
 0.04210326  0.79678107 -1.72122497 -0.07150359  0.64288521 -1.65487972
  0.03002379  0.78782149 -1.72538809  0.06373037  0.62348888 -1.33228761
 0.04118885  0.79287624 -1.72405812 -0.07028753  0.64707598 -1.65500151
  0.02959046  0.78241746 -1.72496091  0.06531698  0.6256895  -1.33435024
 0.04027443  0.7889714  -1.72689127 -0.06907146  0.65126674 -1.6551233
  0.02915713  0.77701343 -1.72453373  0.06690359  0.62789012 -1.33641286
 0.03936002  0.78506656 -1.72972441 -0.06785539  0.65545751 -1.65524509
  0.02872379  0.7716094  -1.72410656  0.0684902   0.63009073 -1.33847549
 0.03844561  0.78116172 -1.73255756 -0.06663933  0.65964827 -1.65536687
  0.02829046  0.76620536 -1.72367938  0.07007681  0.63229135 -1.34053811
 0.0375312   0.77725688 -1.73539071 -0.06542326  0.66383904 -1.65548866
  0.02785713  0.76080133 -1.7232522   0.07166342  0.63449196 -1.34260074
 0.03661679  0.77335204 -1.73822385 -0.0642072   0.6680298  -1.65561045
  0.02742379  0.7553973  -1.72282502  0.07325003  0.63669258 -1.34466336
 0.03570237  0.76944721 -1.741057   -0.06299113  0.67222057 -1.65573224
  0.02699046  0.74999327 -1.72239785  0.07483664  0.63889319 -1.34672599
 0.03478796  0.76554237 -1.74389014 -0.06177506  0.67641133 -1.65585402
  0.02655712  0.74458924 -1.72197067  0.07642325  0.64109381 -1.34878862
 0.03387355  0.76163753 -1.74672329 -0.060559    0.6806021  -1.65597581
  0.02612379  0.73918521 -1.72154349  0.07800985  0.64329443 -1.35085124
 0.03295914  0.75773269 -1.74955644 -0.05934293  0.68479286 -1.6560976
  0.02569046  0.73378117 -1.72111632  0.07959646  0.64549504 -1.35291387
 0.03204473  0.75382785 -1.75238958 -0.05812686  0.68898363 -1.65621939
  0.02525712  0.72837714 -1.72068914  0.08118307  0.64769566 -1.35497649
 0.03113031  0.74992302 -1.75522273 -0.0569108   0.69317439 -1.65634117
  0.02482379  0.72297311 -1.72026196  0.08276968  0.64989627 -1.35703912
 0.0302159   0.74601818 -1.75805588 -0.05569473  0.69736516 -1.65646296
  0.02439046  0.71756908 -1.71983478  0.08435629  0.65209689 -1.35910174
 0.02930149  0.74211334 -1.76088902 -0.05447867  0.70155592 -1.65658475
  0.02395712  0.71216505 -1.71940761  0.0859429   0.65429751 -1.36116437
 0.02838708  0.7382085  -1.76372217 -0.0532626   0.70574669 -1.65670654
  0.02352379  0.70676102 -1.71898043  0.08752951  0.65649812 -1.36322699
 0.02673177  0.73226298 -1.76592016 -0.05224191  0.70850201 -1.65710456
  0.02304387  0.70025135 -1.71588392  0.08881934  0.65885571 -1.36412977
 0.02507646  0.72631747 -1.76811816 -0.05122121  0.71125734 -1.65750258
  0.02256395  0.69374168 -1.71278742  0.09010916  0.66121329 -1.36503254
 0.02342115  0.72037195 -1.77031615 -0.05020052  0.71401267 -1.6579006
  0.02208403  0.68723201 -1.70969092  0.09139899  0.66357088 -1.36593531
 0.02176585  0.71442643 -1.77251414 -0.04917983  0.716768   -1.65829862
  0.02160412  0.68072234 -1.70659441  0.09268882  0.66592846 -1.36683809
 0.02011054  0.70848091 -1.77471214 -0.04815914  0.71952332 -1.65869664
  0.0211242   0.67421267 -1.70349791  0.09397865  0.66828605 -1.36774086
 0.01845523  0.7025354  -1.77691013 -0.04713844  0.72227865 -1.65909466
  0.02064428  0.667703   -1.7004014   0.09526848  0.67064363 -1.36864364
 0.01679992  0.69658988 -1.77910813 -0.04611775  0.72503398 -1.65949269
  0.02016436  0.66119333 -1.6973049   0.09655831  0.67300122 -1.36954641
 0.01514462  0.69064436 -1.78130612 -0.04509706  0.7277893  -1.65989071
  0.01968444  0.65468366 -1.69420839  0.09784813  0.6753588  -1.37044918
 0.01348931  0.68469884 -1.78350412 -0.04407636  0.73054463 -1.66028873
  0.01920452  0.64817399 -1.69111189  0.09913796  0.67771638 -1.37135196
 0.011834    0.67875333 -1.78570211 -0.04305567  0.73329996 -1.66068675
  0.01872461  0.64166432 -1.68801538  0.10042779  0.68007397 -1.37225473
 0.01017869  0.67280781 -1.7879001  -0.04203498  0.73605529 -1.66108477
  0.01824469  0.63515465 -1.68491888  0.10171762  0.68243155 -1.37315751
 0.00852339  0.66686229 -1.7900981  -0.04101429  0.73881061 -1.66148279
  0.01776477  0.62864499 -1.68182237  0.10300745  0.68478914 -1.37406028
 0.00686808  0.66091677 -1.79229609 -0.03999359  0.74156594 -1.66188082
  0.01728485  0.62213532 -1.67872587  0.10429728  0.68714672 -1.37496305
 0.00521277  0.65497126 -1.79449409 -0.0389729   0.74432127 -1.66227884
  0.01680493  0.61562565 -1.67562937  0.1055871   0.68950431 -1.37586583
 0.00355746  0.64902574 -1.79669208 -0.03795221  0.74707659 -1.66267686
  0.01632502  0.60911598 -1.67253286  0.10687693  0.69186189 -1.3767686 
 0.00190216  0.64308022 -1.79889008 -0.03693151  0.74983192 -1.66307488
  0.0158451   0.60260631 -1.66943636  0.10816676  0.69421948 -1.37767138
-0.00306377  0.62524367 -1.80548406 -0.03386944  0.7580979  -1.66426894
  0.01440534  0.5830773  -1.66014684  0.11203625  0.70129223 -1.3803797 
-0.00471907  0.61929815 -1.80768205 -0.03284874  0.76085323 -1.66466697
  0.01392543  0.57656763 -1.65705034  0.11332608  0.70364982 -1.38128247
-0.00637438  0.61335263 -1.80988005 -0.03182805  0.76360856 -1.66506499
  0.01344551  0.57005796 -1.65395383  0.1146159   0.7060074  -1.38218525
-0.00802969  0.60740711 -1.81207804 -0.03080736  0.76636388 -1.66546301
  0.01296559  0.56354829 -1.65085733  0.11590573  0.70836499 -1.38308802
-0.009685    0.6014616  -1.81427604 -0.02978667  0.76911921 -1.66586103
  0.01248567  0.55703862 -1.64776082  0.11719556  0.71072257 -1.3839908 
-0.0113403   0.59551608 -1.81647403 -0.02876597  0.77187454 -1.66625905
  0.01200575  0.55052896 -1.64466432  0.11848539  0.71308016 -1.38489357
-0.01299561  0.58957056 -1.81867202 -0.02774528  0.77462987 -1.66665707
  0.01152584  0.54401929 -1.64156782  0.11977522  0.71543774 -1.38579634
-0.01465092  0.58362504 -1.82087002 -0.02672459  0.77738519 -1.6670551
  0.01104592  0.53750962 -1.63847131  0.12106505  0.71779533 -1.38669912
-0.01630623  0.57767953 -1.82306801 -0.02570389  0.78014052 -1.66745312
  0.010566    0.53099995 -1.63537481  0.12235487  0.72015291 -1.38760189
-0.01796153  0.57173401 -1.82526601 -0.0246832   0.78289585 -1.66785114
  0.01008608  0.52449028 -1.6322783   0.1236447   0.7225105  -1.38850467
-0.01961684  0.56578849 -1.827464   -0.02366251  0.78565118 -1.66824916
  0.00960616  0.51798061 -1.6291818   0.12493453  0.72486808 -1.38940744
-0.02127215  0.55984297 -1.829662   -0.02264182  0.7884065  -1.66864718
  0.00912625  0.51147094 -1.62608529  0.12622436  0.72722566 -1.39031021
-0.02292746  0.55389746 -1.83185999 -0.02162112  0.79116183 -1.6690452
  0.00864633  0.50496127 -1.62298879  0.12751419  0.72958325 -1.39121299
-0.02458276  0.54795194 -1.83405798 -0.02060043  0.79391716 -1.66944322
  0.00816641  0.4984516  -1.61989228  0.12880402  0.73194083 -1.39211576
-0.02623807  0.54200642 -1.83625598 -0.01957974  0.79667248 -1.66984125
  0.00768649  0.49194193 -1.61679578  0.13009384  0.73429842 -1.39301854
-0.02794855  0.53556993 -1.83593078 -0.01892096  0.79827999 -1.67005844
  0.00759891  0.48662656 -1.61188809  0.1306155   0.73709799 -1.39259856
-0.02965903  0.52913343 -1.83560559 -0.01826219  0.79988749 -1.67027563
  0.00751133  0.48131119 -1.6069804   0.13113715  0.73989756 -1.39217859
-0.03136951  0.52269694 -1.8352804  -0.01760342  0.801495   -1.67049282
  0.00742375  0.47599582 -1.60207272  0.13165881  0.74269713 -1.39175862
-0.03307999  0.51626045 -1.8349552  -0.01694464  0.8031025  -1.67071002
  0.00733616  0.47068045 -1.59716503  0.13218046  0.74549669 -1.39133865
-0.03479047  0.50982395 -1.83463001 -0.01628587  0.80471    -1.67092721
  0.00724858  0.46536508 -1.59225734  0.13270212  0.74829626 -1.39091868
-0.03650095  0.50338746 -1.83430481 -0.01562709  0.80631751 -1.6711444
  0.007161    0.46004971 -1.58734965  0.13322377  0.75109583 -1.3904987 
-0.03821143  0.49695096 -1.83397962 -0.01496832  0.80792501 -1.6713616
  0.00707342  0.45473434 -1.58244197  0.13374543  0.7538954  -1.39007873
-0.03992191  0.49051447 -1.83365443 -0.01430954  0.80953252 -1.67157879
  0.00698584  0.44941897 -1.57753428  0.13426708  0.75669497 -1.38965876
-0.04163239  0.48407798 -1.83332923 -0.01365077  0.81114002 -1.67179598
  0.00689826  0.4441036  -1.57262659  0.13478874  0.75949454 -1.38923879
-0.04334287  0.47764148 -1.83300404 -0.012992    0.81274753 -1.67201318
  0.00681068  0.43878823 -1.5677189   0.13531039  0.76229411 -1.38881882
-0.04505335  0.47120499 -1.83267884 -0.01233322  0.81435503 -1.67223037
  0.00672309  0.43347286 -1.56281122  0.13583205  0.76509368 -1.38839884
-0.04676383  0.46476849 -1.83235365 -0.01167445  0.81596253 -1.67244756
  0.00663551  0.42815749 -1.55790353  0.1363537   0.76789324 -1.38797887
-0.0484743   0.458332   -1.83202846 -0.01101567  0.81757004 -1.67266475
  0.00654793  0.42284212 -1.55299584  0.13687536  0.77069281 -1.3875589 
-0.05018478  0.45189551 -1.83170326 -0.0103569   0.81917754 -1.67288195
  0.00646035  0.41752674 -1.54808816  0.13739701  0.77349238 -1.38713893
-0.05189526  0.44545901 -1.83137807 -0.00969812  0.82078505 -1.67309914
  0.00637277  0.41221137 -1.54318047  0.13791867  0.77629195 -1.38671896
-0.05360574  0.43902252 -1.83105287 -0.00903935  0.82239255 -1.67331633
  0.00628519  0.406896   -1.53827278  0.13844032  0.77909152 -1.38629899
-0.05531622  0.43258603 -1.83072768 -0.00838058  0.82400005 -1.67353353
  0.0061976   0.40158063 -1.53336509  0.13896198  0.78189109 -1.38587901
-0.0570267   0.42614953 -1.83040248 -0.0077218   0.82560756 -1.67375072
  0.00611002  0.39626526 -1.52845741  0.13948363  0.78469066 -1.38545904
-0.05873718  0.41971304 -1.83007729 -0.00706303  0.82721506 -1.67396791
  0.00602244  0.39094989 -1.52354972  0.14000529  0.78749022 -1.38503907
-0.06044766  0.41327654 -1.8297521  -0.00640425  0.82882257 -1.6741851
  0.00593486  0.38563452 -1.51864203  0.14052694  0.79028979 -1.3846191 
-0.06215814  0.40684005 -1.8294269  -0.00574548  0.83043007 -1.6744023
  0.00584728  0.38031915 -1.51373434  0.1410486   0.79308936 -1.38419913
-0.06386862  0.40040356 -1.82910171 -0.0050867   0.83203758 -1.67461949
  0.0057597   0.37500378 -1.50882666  0.14157025  0.79588893 -1.38377915
-0.0655791   0.39396706 -1.82877651 -0.00442793  0.83364508 -1.67483668
  0.00567212  0.36968841 -1.50391897  0.14209191  0.7986885  -1.38335918
-0.06728958  0.38753057 -1.82845132 -0.00376916  0.83525258 -1.67505388
  0.00558453  0.36437304 -1.49901128  0.14261356  0.80148807 -1.38293921
-0.06900006  0.38109408 -1.82812613 -0.00311038  0.83686009 -1.67527107
  0.00549695  0.35905767 -1.49410359  0.14313522  0.80428764 -1.38251924
-0.07071054  0.37465758 -1.82780093 -0.00245161  0.83846759 -1.67548826
  0.00540937  0.3537423  -1.48919591  0.14365687  0.80708721 -1.38209927
-0.0826839   0.32960212 -1.82552457  0.00215981  0.84972012 -1.67700861
  0.0047963   0.3165347  -1.45484209  0.14730846  0.82668419 -1.37915946
-0.08350286  0.3238454  -1.82291745  0.00287437  0.85088732 -1.67673227
  0.00554172  0.31445414 -1.45020051  0.14693842  0.83001507 -1.37821798
-0.08432183  0.31808867 -1.82031034  0.00358893  0.85205453 -1.67645592
  0.00628715  0.31237358 -1.44555893  0.14656838  0.83334595 -1.37727649
-0.0851408   0.31233194 -1.81770322  0.00430349  0.85322173 -1.67617958
  0.00703257  0.31029302 -1.44091734  0.14619834  0.83667683 -1.37633501
-0.08595976  0.30657522 -1.8150961   0.00501805  0.85438893 -1.67590323
  0.007778    0.30821245 -1.43627576  0.1458283   0.84000771 -1.37539353
-0.08677873  0.30081849 -1.81248898  0.0057326   0.85555614 -1.67562689
  0.00852342  0.30613189 -1.43163418  0.14545826  0.84333859 -1.37445204
-0.0875977   0.29506176 -1.80988186  0.00644716  0.85672334 -1.67535054
  0.00926885  0.30405133 -1.42699259  0.14508822  0.84666947 -1.37351056
-0.08841667  0.28930504 -1.80727475  0.00716172  0.85789054 -1.67507419
  0.01001427  0.30197076 -1.42235101  0.14471818  0.85000035 -1.37256907
-0.08923563  0.28354831 -1.80466763  0.00787628  0.85905775 -1.67479785
  0.01075969  0.2998902  -1.41770942  0.14434814  0.85333124 -1.37162759
-0.0900546   0.27779158 -1.80206051  0.00859084  0.86022495 -1.6745215
  0.01150512  0.29780964 -1.41306784  0.1439781   0.85666212 -1.37068611
-0.09087357  0.27203486 -1.79945339  0.0093054   0.86139215 -1.67424516
  0.01225054  0.29572908 -1.40842626  0.14360806  0.859993   -1.36974462
-0.09169253  0.26627813 -1.79684627  0.01001995  0.86255936 -1.67396881
  0.01299597  0.29364851 -1.40378467  0.14323802  0.86332388 -1.36880314
-0.0925115   0.2605214  -1.79423915  0.01073451  0.86372656 -1.67369247
  0.01374139  0.29156795 -1.39914309  0.14286798  0.86665476 -1.36786165
-0.09333047  0.25476467 -1.79163204  0.01144907  0.86489376 -1.67341612
  0.01448682  0.28948739 -1.3945015   0.14249794  0.86998564 -1.36692017
-0.09414944  0.24900795 -1.78902492  0.01216363  0.86606097 -1.67313977
  0.01523224  0.28740682 -1.38985992  0.1421279   0.87331652 -1.36597869
-0.0949684   0.24325122 -1.7864178   0.01287819  0.86722817 -1.67286343
  0.01597767  0.28532626 -1.38521834  0.14175786  0.8766474  -1.3650372 
-0.09578737  0.23749449 -1.78381068  0.01359274  0.86839537 -1.67258708
  0.01672309  0.2832457  -1.38057675  0.14138782  0.87997828 -1.36409572
-0.09660634  0.23173777 -1.78120356  0.0143073   0.86956258 -1.67231074
  0.01746851  0.28116513 -1.37593517  0.14101778  0.88330917 -1.36315423
-0.0974253   0.22598104 -1.77859644  0.01502186  0.87072978 -1.67203439
  0.01821394  0.27908457 -1.37129358  0.14064774  0.88664005 -1.36221275
-0.09824427  0.22022431 -1.77598933  0.01573642  0.87189698 -1.67175805
  0.01895936  0.27700401 -1.366652    0.1402777   0.88997093 -1.36127127
-0.09906324  0.21446759 -1.77338221  0.01645098  0.87306419 -1.6714817
  0.01970479  0.27492345 -1.36201042  0.13990766  0.89330181 -1.36032978
-0.0998822   0.20871086 -1.77077509  0.01716554  0.87423139 -1.67120535
  0.02045021  0.27284288 -1.35736883  0.13953762  0.89663269 -1.3593883 
-0.10070117  0.20295413 -1.76816797  0.01788009  0.87539859 -1.67092901
  0.02119564  0.27076232 -1.35272725  0.13916758  0.89996357 -1.35844681
-0.10152014  0.19719741 -1.76556085  0.01859465  0.8765658  -1.67065266
  0.02194106  0.26868176 -1.34808566  0.13879754  0.90329445 -1.35750533
-0.10233911  0.19144068 -1.76295374  0.01930921  0.877733   -1.67037632
  0.02268648  0.26660119 -1.34344408  0.1384275   0.90662533 -1.35656384
-0.10315807  0.18568395 -1.76034662  0.02002377  0.8789002  -1.67009997
  0.02343191  0.26452063 -1.3388025   0.13805746  0.90995621 -1.35562236
-0.10397704  0.17992723 -1.7577395   0.02073833  0.88006741 -1.66982363
  0.02417733  0.26244007 -1.33416091  0.13768742  0.9132871  -1.35468088
-0.10479601  0.1741705  -1.75513238  0.02145289  0.88123461 -1.66954728
  0.02492276  0.2603595  -1.32951933  0.13731738  0.91661798 -1.35373939
-0.10561497  0.16841377 -1.75252526  0.02216744  0.88240181 -1.66927093
  0.02566818  0.25827894 -1.32487775  0.13694734  0.91994886 -1.35279791
-0.10643394  0.16265704 -1.74991814  0.022882    0.88356902 -1.66899459
  0.02641361  0.25619838 -1.32023616  0.1365773   0.92327974 -1.35185642
-0.10725291  0.15690032 -1.74731103  0.02359656  0.88473622 -1.66871824
  0.02715903  0.25411782 -1.31559458  0.13620726  0.92661062 -1.35091494
-0.10807188  0.15114359 -1.74470391  0.02431112  0.88590342 -1.6684419
  0.02790445  0.25203725 -1.31095299  0.13583722  0.9299415  -1.34997346
-0.10889084  0.14538686 -1.74209679  0.02502568  0.88707063 -1.66816555
  0.02864988  0.24995669 -1.30631141  0.13546718  0.93327238 -1.34903197
-0.10970981  0.13963014 -1.73948967  0.02574023  0.88823783 -1.66788921
  0.0293953   0.24787613 -1.30166983  0.13509714  0.93660326 -1.34809049
-0.10904939  0.13568066 -1.73639021  0.02654698  0.88972295 -1.66694511
  0.03062675  0.24892432 -1.29918779  0.13396975  0.93994666 -1.34777153
-0.10838897  0.13173118 -1.73329074  0.02735372  0.89120806 -1.66600101
  0.0318582   0.24997252 -1.29670574  0.13284237  0.94329006 -1.34745257
-0.10772855  0.12778169 -1.73019128  0.02816047  0.89269318 -1.66505692
  0.03308965  0.25102072 -1.2942237   0.13171499  0.94663345 -1.34713361
-0.10706813  0.12383221 -1.72709182  0.02896721  0.8941783  -1.66411282
  0.0343211   0.25206891 -1.29174166  0.13058761  0.94997685 -1.34681465
-0.10640771  0.11988273 -1.72399236  0.02977396  0.89566341 -1.66316872
  0.03555255  0.25311711 -1.28925962  0.12946023  0.95332025 -1.34649569
-0.10574728  0.11593325 -1.72089289  0.0305807   0.89714853 -1.66222462
  0.036784    0.2541653  -1.28677758  0.12833285  0.95666364 -1.34617673
-0.10508686  0.11198377 -1.71779343  0.03138744  0.89863365 -1.66128053
  0.03801545  0.2552135  -1.28429554  0.12720547  0.96000704 -1.34585777
-0.10442644  0.10803429 -1.71469397  0.03219419  0.90011876 -1.66033643
  0.03924689  0.25626169 -1.2818135   0.12607808  0.96335044 -1.34553881
-0.10376602  0.10408481 -1.7115945   0.03300093  0.90160388 -1.65939233
  0.04047834  0.25730989 -1.27933146  0.1249507   0.96669383 -1.34521986
-0.1031056   0.10013533 -1.70849504  0.03380768  0.90308899 -1.65844824
  0.04170979  0.25835809 -1.27684942  0.12382332  0.97003723 -1.3449009 
-0.10244518  0.09618585 -1.70539558  0.03461442  0.90457411 -1.65750414
  0.04294124  0.25940628 -1.27436738  0.12269594  0.97338063 -1.34458194
-0.10178476  0.09223637 -1.70229611  0.03542117  0.90605923 -1.65656004
  0.04417269  0.26045448 -1.27188534  0.12156856  0.97672402 -1.34426298
-0.10112434  0.08828689 -1.69919665  0.03622791  0.90754434 -1.65561594
  0.04540414  0.26150267 -1.2694033   0.12044118  0.98006742 -1.34394402
-0.10046392  0.0843374  -1.69609719  0.03703466  0.90902946 -1.65467185
  0.04663559  0.26255087 -1.26692126  0.1193138   0.98341082 -1.34362506
-0.0998035   0.08038792 -1.69299772  0.0378414   0.91051458 -1.65372775
  0.04786704  0.26359907 -1.26443922  0.11818642  0.98675421 -1.3433061 
-0.09914308  0.07643844 -1.68989826  0.03864814  0.91199969 -1.65278365
  0.04909849  0.26464726 -1.26195718  0.11705903  0.99009761 -1.34298714
-0.09848266  0.07248896 -1.6867988   0.03945489  0.91348481 -1.65183956
  0.05032993  0.26569546 -1.25947514  0.11593165  0.99344101 -1.34266818
-0.09782223  0.06853948 -1.68369934  0.04026163  0.91496993 -1.65089546
  0.05156138  0.26674365 -1.2569931   0.11480427  0.9967844  -1.34234922
-0.09716181  0.06459    -1.68059987  0.04106838  0.91645504 -1.64995136
  0.05279283  0.26779185 -1.25451106  0.11367689  1.0001278  -1.34203026
-0.09650139  0.06064052 -1.67750041  0.04187512  0.91794016 -1.64900726
  0.05402428  0.26884005 -1.25202902  0.11254951  1.0034712  -1.3417113 
-0.09584097  0.05669104 -1.67440095  0.04268187  0.91942528 -1.64806317
  0.05525573  0.26988824 -1.24954697  0.11142213  1.00681459 -1.34139235
-0.09518055  0.05274156 -1.67130148  0.04348861  0.92091039 -1.64711907
  0.05648718  0.27093644 -1.24706493  0.11029475  1.01015799 -1.34107339
-0.09452013  0.04879208 -1.66820202  0.04429535  0.92239551 -1.64617497
  0.05771863  0.27198463 -1.24458289  0.10916737  1.01350139 -1.34075443
-0.09385971  0.0448426  -1.66510256  0.0451021   0.92388062 -1.64523088
  0.05895008  0.27303283 -1.24210085  0.10803998  1.01684478 -1.34043547
-0.09319929  0.04089312 -1.66200309  0.04590884  0.92536574 -1.64428678
  0.06018153  0.27408103 -1.23961881  0.1069126   1.02018818 -1.34011651
-0.09253887  0.03694363 -1.65890363  0.04671559  0.92685086 -1.64334268
  0.06141297  0.27512922 -1.23713677  0.10578522  1.02353158 -1.33979755
-0.09187845  0.03299415 -1.65580417  0.04752233  0.92833597 -1.64239858
  0.06264442  0.27617742 -1.23465473  0.10465784  1.02687497 -1.33947859
-0.09121803  0.02904467 -1.6527047   0.04832908  0.92982109 -1.64145449
  0.06387587  0.27722561 -1.23217269  0.10353046  1.03021837 -1.33915963
-0.09055761  0.02509519 -1.64960524  0.04913582  0.93130621 -1.64051039
  0.06510732  0.27827381 -1.22969065  0.10240308  1.03356177 -1.33884067
-0.08989719  0.02114571 -1.64650578  0.04994256  0.93279132 -1.63956629
  0.06633877  0.27932201 -1.22720861  0.1012757   1.03690516 -1.33852171
-0.08923676  0.01719623 -1.64340632  0.05074931  0.93427644 -1.6386222
  0.06757022  0.2803702  -1.22472657  0.10014832  1.04024856 -1.33820275
-0.08857634  0.01324675 -1.64030685  0.05155605  0.93576156 -1.6376781
  0.06880167  0.2814184  -1.22224453  0.09902093  1.04359196 -1.33788379
-0.08791592  0.00929727 -1.63720739  0.0523628   0.93724667 -1.636734
  0.07003312  0.28246659 -1.21976249  0.09789355  1.04693536 -1.33756484
-0.08627368  0.00863675 -1.63523174  0.05271281  0.93873094 -1.63490157
  0.07106115  0.28519058 -1.21971282  0.09629128  1.04912219 -1.33854581
-0.08463143  0.00797623 -1.63325608  0.05306283  0.94021521 -1.63306913
  0.07208919  0.28791456 -1.21966315  0.09468901  1.05130903 -1.33952678
-0.08298918  0.00731571 -1.63128043  0.05341284  0.94169948 -1.63123669
  0.07311723  0.29063855 -1.21961348  0.09308674  1.05349587 -1.34050775
-0.08134694  0.0066552  -1.62930478  0.05376286  0.94318374 -1.62940426
  0.07414526  0.29336253 -1.21956381  0.09148447  1.05568271 -1.34148872
-0.07970469  0.00599468 -1.62732912  0.05411287  0.94466801 -1.62757182
  0.0751733   0.29608651 -1.21951414  0.0898822   1.05786955 -1.34246969
-0.07806244  0.00533416 -1.62535347  0.05446289  0.94615228 -1.62573938
  0.07620133  0.2988105  -1.21946447  0.08827993  1.06005639 -1.34345066
-0.07642019  0.00467364 -1.62337782  0.0548129   0.94763655 -1.62390695
  0.07722937  0.30153448 -1.2194148   0.08667766  1.06224323 -1.34443163
-0.07477795  0.00401312 -1.62140217  0.05516292  0.94912082 -1.62207451
  0.07825741  0.30425846 -1.21936513  0.08507539  1.06443006 -1.3454126 
-0.0731357   0.00335261 -1.61942651  0.05551293  0.95060508 -1.62024207
  0.07928544  0.30698245 -1.21931546  0.08347312  1.0666169  -1.34639357
-0.07149345  0.00269209 -1.61745086  0.05586295  0.95208935 -1.61840964
  0.08031348  0.30970643 -1.21926579  0.08187085  1.06880374 -1.34737454
-0.06985121  0.00203157 -1.61547521  0.05621296  0.95357362 -1.6165772
  0.08134152  0.31243041 -1.21921612  0.08026858  1.07099058 -1.34835551
-0.05999773 -0.00193154 -1.60362129  0.05831305  0.96247923 -1.60558258
  0.08750973  0.32877432 -1.21891811  0.07065496  1.08411161 -1.35424133
-0.05835548 -0.00259206 -1.60164564  0.05866306  0.96396349 -1.60375014
  0.08853777  0.3314983  -1.21886844  0.06905269  1.08629845 -1.3552223 
-0.05671323 -0.00325257 -1.59966998  0.05901308  0.96544776 -1.60191771
  0.08956581  0.33422228 -1.21881877  0.06745042  1.08848529 -1.35620327
-0.05507099 -0.00391309 -1.59769433  0.05936309  0.96693203 -1.60008527
  0.09059384  0.33694627 -1.2187691   0.06584815  1.09067213 -1.35718424
-0.05342874 -0.00457361 -1.59571868  0.05971311  0.9684163  -1.59825283
  0.09162188  0.33967025 -1.21871943  0.06424588  1.09285897 -1.35816521
-0.05178649 -0.00523413 -1.59374303  0.06006312  0.96990057 -1.5964204
  0.09264992  0.34239424 -1.21866976  0.06264361  1.09504581 -1.35914618
-0.05014425 -0.00589465 -1.59176737  0.06041314  0.97138483 -1.59458796
  0.09367795  0.34511822 -1.21862009  0.06104134  1.09723265 -1.36012715
-0.048502   -0.00655517 -1.58979172  0.06076315  0.9728691  -1.59275552
  0.09470599  0.3478422  -1.21857042  0.05943907  1.09941948 -1.36110813
-0.04685975 -0.00721568 -1.58781607  0.06111317  0.97435337 -1.59092309
  0.09573402  0.35056619 -1.21852075  0.0578368   1.10160632 -1.3620891 
-0.04521751 -0.0078762  -1.58584041  0.06146318  0.97583764 -1.58909065
  0.09676206  0.35329017 -1.21847108  0.05623453  1.10379316 -1.36307007
-0.04357526 -0.00853672 -1.58386476  0.0618132   0.9773219  -1.58725821
  0.0977901   0.35601415 -1.21842141  0.05463226  1.10598    -1.36405104
-0.04193301 -0.00919724 -1.58188911  0.06216321  0.97880617 -1.58542578
  0.09881813  0.35873814 -1.21837174  0.05302999  1.10816684 -1.36503201
-0.04029077 -0.00985776 -1.57991345  0.06251322  0.98029044 -1.58359334
  0.09984617  0.36146212 -1.21832207  0.05142772  1.11035368 -1.36601298
-0.03864852 -0.01051827 -1.5779378   0.06286324  0.98177471 -1.5817609
  0.10087421  0.3641861  -1.2182724   0.04982545  1.11254052 -1.36699395
-0.03700627 -0.01117879 -1.57596215  0.06321325  0.98325898 -1.57992847
  0.10190224  0.36691009 -1.21822273  0.04822318  1.11472736 -1.36797492
-0.03536402 -0.01183931 -1.5739865   0.06356327  0.98474324 -1.57809603
  0.10293028  0.36963407 -1.21817306  0.04662091  1.11691419 -1.36895589
-0.03372178 -0.01249983 -1.57201084  0.06391328  0.98622751 -1.57626359
  0.10395831  0.37235806 -1.21812339  0.04501864  1.11910103 -1.36993686
-0.03197123 -0.00968595 -1.57173895  0.06328677  0.98702741 -1.57479198
  0.10434487  0.37514139 -1.21918098  0.04382752  1.11954027 -1.37201274
-0.03022068 -0.00687208 -1.57146706  0.06266026  0.98782731 -1.57332037
  0.10473143  0.37792472 -1.22023857  0.0426364   1.1199795  -1.37408862
-0.02847014 -0.0040582  -1.57119517  0.06203375  0.98862721 -1.57184875
  0.10511798  0.38070805 -1.22129616  0.04144527  1.12041874 -1.37616451
-0.0232185   0.00438342 -1.57037951  0.06015421  0.99102692 -1.56743391
  0.10627765  0.38905805 -1.22446892  0.03787191  1.12173644 -1.38239215
-0.02146795  0.0071973  -1.57010762  0.05952769  0.99182682 -1.5659623
  0.1066642   0.39184138 -1.22552651  0.03668079  1.12217567 -1.38446804
-0.0197174   0.01001117 -1.56983573  0.05890118  0.99262672 -1.56449069
  0.10705076  0.39462471 -1.22658409  0.03548967  1.12261491 -1.38654392
-0.01796686  0.01282505 -1.56956384  0.05827467  0.99342662 -1.56301907
  0.10743731  0.39740805 -1.22764168  0.03429855  1.12305414 -1.3886198 
-0.01621631  0.01563892 -1.56929195  0.05764816  0.99422652 -1.56154746
  0.10782387  0.40019138 -1.22869927  0.03310743  1.12349338 -1.39069568
-0.01446576  0.0184528  -1.56902006  0.05702164  0.99502642 -1.56007585
  0.10821042  0.40297471 -1.22975686  0.03191631  1.12393261 -1.39277157
-0.01271521  0.02126667 -1.56874817  0.05639513  0.99582632 -1.55860423
  0.10859698  0.40575804 -1.23081444  0.03072518  1.12437185 -1.39484745
-0.01096467  0.02408055 -1.56847628  0.05576862  0.99662622 -1.55713262
  0.10898353  0.40854138 -1.23187203  0.02953406  1.12481108 -1.39692333
-0.00921412  0.02689442 -1.56820439  0.0551421   0.99742612 -1.55566101
  0.10937009  0.41132471 -1.23292962  0.02834294  1.12525032 -1.39899921
-0.00746357  0.02970829 -1.5679325   0.05451559  0.99822602 -1.55418939
  0.10975664  0.41410804 -1.23398721  0.02715182  1.12568955 -1.4010751 
-0.00571303  0.03252217 -1.56766061  0.05388908  0.99902592 -1.55271778
  0.1101432   0.41689137 -1.23504479  0.0259607   1.12612878 -1.40315098
-0.00396248  0.03533604 -1.56738872  0.05326257  0.99982583 -1.55124617
  0.11052975  0.41967471 -1.23610238  0.02476958  1.12656802 -1.40522686
-0.00221193  0.03814992 -1.56711683  0.05263605  1.00062573 -1.54977455
  0.11091631  0.42245804 -1.23715997  0.02357846  1.12700725 -1.40730274
 0.00303971  0.04659154 -1.56630116  0.05075651  1.00302543 -1.54535971
  0.11207597  0.43080804 -1.24033273  0.02000509  1.12832496 -1.41353039
 0.00479026  0.04940542 -1.56602927  0.05013     1.00382533 -1.5438881
  0.11246253  0.43359137 -1.24139032  0.01881397  1.12876419 -1.41560627
 0.0065408   0.05221929 -1.56575739  0.04950349  1.00462523 -1.54241649
  0.11284908  0.4363747  -1.24244791  0.01762285  1.12920343 -1.41768215
 0.00829135  0.05503317 -1.5654855   0.04887698  1.00542513 -1.54094487
  0.11323564  0.43915803 -1.24350549  0.01643173  1.12964266 -1.41975804
 0.0100419   0.05784704 -1.56521361  0.04825046  1.00622503 -1.53947326
  0.1136222   0.44194136 -1.24456308  0.01524061  1.1300819  -1.42183392
 0.01179244  0.06066092 -1.56494172  0.04762395  1.00702493 -1.53800165
  0.11400875  0.4447247  -1.24562067  0.01404949  1.13052113 -1.4239098 
 0.01354299  0.06347479 -1.56466983  0.04699744  1.00782483 -1.53653003
  0.11439531  0.44750803 -1.24667826  0.01285837  1.13096036 -1.42598568
 0.01529354  0.06628867 -1.56439794  0.04637093  1.00862473 -1.53505842
  0.11478186  0.45029136 -1.24773584  0.01166725  1.1313996  -1.42806157
 0.01704408  0.06910254 -1.56412605  0.04574441  1.00942463 -1.53358681
  0.11516842  0.45307469 -1.24879343  0.01047613  1.13183883 -1.43013745
 0.01879463  0.07191642 -1.56385416  0.0451179   1.01022454 -1.53211519
  0.11555497  0.45585803 -1.24985102  0.009285    1.13227807 -1.43221333
 0.02054518  0.07473029 -1.56358227  0.04449139  1.01102444 -1.53064358
  0.11594153  0.45864136 -1.25090861  0.00809388  1.1327173  -1.43428921
 0.02229573  0.07754417 -1.56331038  0.04386487  1.01182434 -1.52917197
  0.11632808  0.46142469 -1.25196619  0.00690276  1.13315654 -1.4363651 
 0.02404627  0.08035804 -1.56303849  0.04323836  1.01262424 -1.52770035
  0.11671464  0.46420802 -1.25302378  0.00571164  1.13359577 -1.43844098
 0.02558389  0.08480861 -1.56413291  0.0419949   1.0127758  -1.52899035
  0.11618293  0.46595424 -1.25409859  0.00558059  1.13230246 -1.44054871
 0.0271215   0.08925918 -1.56522733  0.04075144  1.01292736 -1.53028035
  0.11565122  0.46770045 -1.25517341  0.00544954  1.13100916 -1.44265644
 0.02865912  0.09370975 -1.56632175  0.03950798  1.01307892 -1.53157034
  0.11511951  0.46944667 -1.25624822  0.00531849  1.12971585 -1.44476417
 0.03019673  0.09816032 -1.56741617  0.03826452  1.01323048 -1.53286034
  0.1145878   0.47119288 -1.25732304  0.00518744  1.12842254 -1.4468719 
 0.03173435  0.10261089 -1.56851059  0.03702107  1.01338203 -1.53415034
  0.11405609  0.4729391  -1.25839785  0.00505639  1.12712924 -1.44897963
 0.03327197  0.10706146 -1.569605    0.03577761  1.01353359 -1.53544034
  0.11352438  0.47468532 -1.25947266  0.00492534  1.12583593 -1.45108736
 0.03480958  0.11151203 -1.57069942  0.03453415  1.01368515 -1.53673033
  0.11299267  0.47643153 -1.26054748  0.00479429  1.12454262 -1.45319509
 0.0363472   0.1159626  -1.57179384  0.03329069  1.01383671 -1.53802033
  0.11246096  0.47817775 -1.26162229  0.00466324  1.12324931 -1.45530282
 0.03788481  0.12041317 -1.57288826  0.03204723  1.01398827 -1.53931033
  0.11192925  0.47992396 -1.2626971   0.00453219  1.12195601 -1.45741055
 0.03942243  0.12486374 -1.57398268  0.03080377  1.01413983 -1.54060032
  0.11139754  0.48167018 -1.26377192  0.00440114  1.1206627  -1.45951828
 0.04096004  0.12931431 -1.5750771   0.02956031  1.01429139 -1.54189032
  0.11086583  0.48341639 -1.26484673  0.00427009  1.11936939 -1.46162602
 0.04249766  0.13376487 -1.57617152  0.02831685  1.01444295 -1.54318032
  0.11033412  0.48516261 -1.26592155  0.00413904  1.11807609 -1.46373375
 0.04403527  0.13821544 -1.57726594  0.02707339  1.01459451 -1.54447031
  0.10980241  0.48690882 -1.26699636  0.00400799  1.11678278 -1.46584148
 0.04557289  0.14266601 -1.57836036  0.02582993  1.01474607 -1.54576031
  0.1092707   0.48865504 -1.26807117  0.00387694  1.11548947 -1.46794921
 0.04711051  0.14711658 -1.57945478  0.02458647  1.01489763 -1.54705031
  0.10873899  0.49040125 -1.26914599  0.00374589  1.11419616 -1.47005694
 0.04864812  0.15156715 -1.58054919  0.02334302  1.01504919 -1.5483403
  0.10820728  0.49214747 -1.2702208   0.00361484  1.11290286 -1.47216467
 0.05018574  0.15601772 -1.58164361  0.02209956  1.01520075 -1.5496303
  0.10767556  0.49389368 -1.27129561  0.00348379  1.11160955 -1.4742724 
 0.05172335  0.16046829 -1.58273803  0.0208561   1.01535231 -1.5509203
  0.10714385  0.4956399  -1.27237043  0.00335274  1.11031624 -1.47638013
 0.05326097  0.16491886 -1.58383245  0.01961264  1.01550387 -1.55221029
  0.10661214  0.49738611 -1.27344524  0.00322169  1.10902293 -1.47848786
 0.05479858  0.16936943 -1.58492687  0.01836918  1.01565543 -1.55350029
  0.10608043  0.49913233 -1.27452006  0.00309064  1.10772963 -1.48059559
 0.0563362   0.17382    -1.58602129  0.01712572  1.01580698 -1.55479029
  0.10554872  0.50087854 -1.27559487  0.00295959  1.10643632 -1.48270332
 0.05787381  0.17827057 -1.58711571  0.01588226  1.01595854 -1.55608028
  0.10501701  0.50262476 -1.27666968  0.00282854  1.10514301 -1.48481105
 0.05941143  0.18272114 -1.58821013  0.0146388   1.0161101  -1.55737028
  0.1044853   0.50437098 -1.2777445   0.00269748  1.10384971 -1.48691878
 0.06094905  0.18717171 -1.58930455  0.01339534  1.01626166 -1.55866028
  0.10395359  0.50611719 -1.27881931  0.00256643  1.1025564  -1.48902651
 0.06248666  0.19162228 -1.59039897  0.01215188  1.01641322 -1.55995027
  0.10342188  0.50786341 -1.27989412  0.00243538  1.10126309 -1.49113424
 0.06402428  0.19607285 -1.59149338  0.01090842  1.01656478 -1.56124027
  0.10289017  0.50960962 -1.28096894  0.00230433  1.09996978 -1.49324197
 0.06556189  0.20052342 -1.5925878   0.00966497  1.01671634 -1.56253027
  0.10235846  0.51135584 -1.28204375  0.00217328  1.09867648 -1.4953497 
 0.06709951  0.20497399 -1.59368222  0.00842151  1.0168679  -1.56382026
  0.10182675  0.51310205 -1.28311857  0.00204223  1.09738317 -1.49745744
 0.06863712  0.20942455 -1.59477664  0.00717805  1.01701946 -1.56511026
  0.10129504  0.51484827 -1.28419338  0.00191118  1.09608986 -1.49956517
 0.07017474  0.21387512 -1.59587106  0.00593459  1.01717102 -1.56640026
  0.10076333  0.51659448 -1.28526819  0.00178013  1.09479656 -1.5016729 
 0.07171235  0.21832569 -1.59696548  0.00469113  1.01732258 -1.56769026
  0.10023162  0.5183407  -1.28634301  0.00164908  1.09350325 -1.50378063
 0.07903516  0.24997453 -1.60688213 -0.00204764  1.0124084  -1.58724912
  0.09195387  0.52796896 -1.29392834  0.00298451  1.07344848 -1.51445924
 0.07988468  0.25452407 -1.60842769 -0.00289801  1.01136494 -1.59064489
  0.090511    0.52919613 -1.29501548  0.00330402  1.06995485 -1.51575187
 0.08073419  0.25907361 -1.60997325 -0.00374838  1.01032148 -1.59404067
  0.08906813  0.53042329 -1.29610262  0.00362353  1.06646122 -1.5170445 
 0.08158371  0.26362315 -1.61151881 -0.00459875  1.00927802 -1.59743644
  0.08762526  0.53165046 -1.29718976  0.00394303  1.06296759 -1.51833713
 0.08243323  0.26817269 -1.61306437 -0.00544912  1.00823456 -1.60083221
  0.0861824   0.53287762 -1.2982769   0.00426254  1.05947396 -1.51962976
 0.08328274  0.27272222 -1.61460993 -0.00629949  1.0071911  -1.60422799
  0.08473953  0.53410479 -1.29936405  0.00458205  1.05598033 -1.52092239
 0.08413226  0.27727176 -1.6161555  -0.00714986  1.00614764 -1.60762376
  0.08329666  0.53533196 -1.30045119  0.00490155  1.0524867  -1.52221502
 0.08498177  0.2818213  -1.61770106 -0.00800023  1.00510418 -1.61101954
  0.08185379  0.53655912 -1.30153833  0.00522106  1.04899306 -1.52350765
 0.08583129  0.28637084 -1.61924662 -0.0088506   1.00406072 -1.61441531
  0.08041093  0.53778629 -1.30262547  0.00554057  1.04549943 -1.52480028
 0.0866808   0.29092038 -1.62079218 -0.00970097  1.00301726 -1.61781109
  0.07896806  0.53901345 -1.30371261  0.00586007  1.0420058  -1.52609291
 0.08753032  0.29546992 -1.62233774 -0.01055134  1.0019738  -1.62120686
  0.07752519  0.54024062 -1.30479975  0.00617958  1.03851217 -1.52738554
 0.08837983  0.30001946 -1.6238833  -0.01140171  1.00093034 -1.62460263
  0.07608232  0.54146779 -1.30588689  0.00649908  1.03501854 -1.52867817
 0.08922935  0.304569   -1.62542886 -0.01225208  0.99988688 -1.62799841
  0.07463946  0.54269495 -1.30697403  0.00681859  1.03152491 -1.5299708 
 0.09007887  0.30911854 -1.62697443 -0.01310245  0.99884342 -1.63139418
  0.07319659  0.54392212 -1.30806117  0.0071381   1.02803128 -1.53126343
 0.09092838  0.31366808 -1.62851999 -0.01395282  0.99779996 -1.63478996
  0.07175372  0.54514929 -1.30914832  0.0074576   1.02453765 -1.53255606
 0.0917779   0.31821762 -1.63006555 -0.01480319  0.9967565  -1.63818573
  0.07031085  0.54637645 -1.31023546  0.00777711  1.02104402 -1.53384868
 0.09262741  0.32276716 -1.63161111 -0.01565356  0.99571304 -1.6415815
  0.06886799  0.54760362 -1.3113226   0.00809662  1.01755039 -1.53514131
 0.09347693  0.3273167  -1.63315667 -0.01650393  0.99466958 -1.64497728
  0.06742512  0.54883078 -1.31240974  0.00841612  1.01405676 -1.53643394
 0.09432644  0.33186623 -1.63470223 -0.0173543   0.99362612 -1.64837305
  0.06598225  0.55005795 -1.31349688  0.00873563  1.01056312 -1.53772657
 0.09517596  0.33641577 -1.6362478  -0.01820467  0.99258266 -1.65176883
  0.06453939  0.55128512 -1.31458402  0.00905514  1.00706949 -1.5390192 
 0.09602548  0.34096531 -1.63779336 -0.01905504  0.9915392  -1.6551646
  0.06309652  0.55251228 -1.31567116  0.00937464  1.00357586 -1.54031183
 0.09687499  0.34551485 -1.63933892 -0.01990541  0.99049574 -1.65856037
  0.06165365  0.55373945 -1.3167583   0.00969415  1.00008223 -1.54160446
 0.09772451  0.35006439 -1.64088448 -0.02075578  0.98945228 -1.66195615
  0.06021078  0.55496662 -1.31784544  0.01001366  0.9965886  -1.54289709
 0.09857402  0.35461393 -1.64243004 -0.02160615  0.98840882 -1.66535192
  0.05876792  0.55619378 -1.31893259  0.01033316  0.99309497 -1.54418972
 0.09942354  0.35916347 -1.6439756  -0.02245652  0.98736536 -1.6687477
  0.05732505  0.55742095 -1.32001973  0.01065267  0.98960134 -1.54548235
 0.10027305  0.36371301 -1.64552117 -0.02330689  0.9863219  -1.67214347
  0.05588218  0.55864811 -1.32110687  0.01097217  0.98610771 -1.54677498
 0.10112257  0.36826255 -1.64706673 -0.02415726  0.98527844 -1.67553924
  0.05443931  0.55987528 -1.32219401  0.01129168  0.98261408 -1.54806761
 0.10197208  0.37281209 -1.64861229 -0.02500763  0.98423498 -1.67893502
  0.05299645  0.56110245 -1.32328115  0.01161119  0.97912045 -1.54936024
 0.1028216   0.37736163 -1.65015785 -0.025858    0.98319152 -1.68233079
  0.05155358  0.56232961 -1.32436829  0.01193069  0.97562682 -1.55065287
 0.10265441  0.3815919  -1.65128293 -0.02618707  0.9805723  -1.68475958
  0.04972354  0.56392662 -1.32516555  0.01218508  0.97052209 -1.55149702
 0.10248722  0.38582217 -1.652408   -0.02651613  0.97795308 -1.68718837
  0.0478935   0.56552363 -1.32596282  0.01243947  0.96541736 -1.55234117
 0.10232003  0.39005244 -1.65353308 -0.0268452   0.97533386 -1.68961716
  0.04606347  0.56712065 -1.32676008  0.01269386  0.96031263 -1.55318532
 0.10215284  0.39428271 -1.65465815 -0.02717427  0.97271464 -1.69204595
  0.04423343  0.56871766 -1.32755734  0.01294825  0.9552079  -1.55402947
 0.10198565  0.39851299 -1.65578323 -0.02750333  0.97009542 -1.69447474
  0.04240339  0.57031467 -1.3283546   0.01320263  0.95010317 -1.55487362
 0.10181846  0.40274326 -1.6569083  -0.0278324   0.9674762  -1.69690353
  0.04057335  0.57191168 -1.32915186  0.01345702  0.94499844 -1.55571776
 0.10165127  0.40697353 -1.65803338 -0.02816147  0.96485698 -1.69933232
  0.03874331  0.57350869 -1.32994912  0.01371141  0.93989371 -1.55656191
 0.10148408  0.4112038  -1.65915845 -0.02849053  0.96223776 -1.70176111
  0.03691328  0.5751057  -1.33074639  0.0139658   0.93478898 -1.55740606
 0.10131689  0.41543407 -1.66028353 -0.0288196   0.95961854 -1.70418991
  0.03508324  0.57670271 -1.33154365  0.01422019  0.92968425 -1.55825021
 0.1011497   0.41966435 -1.6614086  -0.02914867  0.95699931 -1.7066187
  0.0332532   0.57829972 -1.33234091  0.01447457  0.92457952 -1.55909436
 0.10098251  0.42389462 -1.66253368 -0.02947773  0.95438009 -1.70904749
  0.03142316  0.57989673 -1.33313817  0.01472896  0.91947479 -1.55993851
 0.10081532  0.42812489 -1.66365876 -0.0298068   0.95176087 -1.71147628
  0.02959312  0.58149374 -1.33393543  0.01498335  0.91437006 -1.56078265
 0.10064813  0.43235516 -1.66478383 -0.03013587  0.94914165 -1.71390507
  0.02776309  0.58309076 -1.33473269  0.01523774  0.90926533 -1.5616268 
 0.10048095  0.43658543 -1.66590891 -0.03046493  0.94652243 -1.71633386
  0.02593305  0.58468777 -1.33552996  0.01549213  0.9041606  -1.56247095
 0.10031376  0.44081571 -1.66703398 -0.030794    0.94390321 -1.71876265
  0.02410301  0.58628478 -1.33632722  0.01574651  0.89905587 -1.5633151 
 0.10014657  0.44504598 -1.66815906 -0.03112306  0.94128399 -1.72119144
  0.02227297  0.58788179 -1.33712448  0.0160009   0.89395114 -1.56415925
 0.09997938  0.44927625 -1.66928413 -0.03145213  0.93866477 -1.72362023
  0.02044293  0.5894788  -1.33792174  0.01625529  0.88884641 -1.5650034 
 0.09981219  0.45350652 -1.67040921 -0.0317812   0.93604555 -1.72604902
  0.0186129   0.59107581 -1.338719    0.01650968  0.88374168 -1.56584755
 0.099645    0.45773679 -1.67153428 -0.03211026  0.93342633 -1.72847781
  0.01678286  0.59267282 -1.33951626  0.01676407  0.87863695 -1.56669169
 0.09947781  0.46196707 -1.67265936 -0.03243933  0.9308071  -1.7309066
  0.01495282  0.59426983 -1.34031353  0.01701845  0.87353222 -1.56753584
 0.09931062  0.46619734 -1.67378443 -0.0327684   0.92818788 -1.73333539
  0.01312278  0.59586684 -1.34111079  0.01727284  0.86842749 -1.56837999
 0.09914343  0.47042761 -1.67490951 -0.03309746  0.92556866 -1.73576418
  0.01129274  0.59746385 -1.34190805  0.01752723  0.86332276 -1.56922414
 0.09897624  0.47465788 -1.67603459 -0.03342653  0.92294944 -1.73819297
  0.00946271  0.59906086 -1.34270531  0.01778162  0.85821803 -1.57006829
 0.09880905  0.47888815 -1.67715966 -0.0337556   0.92033022 -1.74062176
  0.00763267  0.60065788 -1.34350257  0.01803601  0.8531133  -1.57091244
 0.09864186  0.48311842 -1.67828474 -0.03408466  0.917711   -1.74305055
  0.00580263  0.60225489 -1.34429984  0.01829039  0.84800858 -1.57175658
 0.09847467  0.4873487  -1.67940981 -0.03441373  0.91509178 -1.74547934
  0.00397259  0.6038519  -1.3450971   0.01854478  0.84290385 -1.57260073